-1.39969022498138	-1.41070967535454	-1.32125433478056	-0.236629105875207	-0.955109264183379	-0.822289999641477	-0.488847276095847	-1.60202337151849
-2.17599077529999	0.0308399604727952	-1.02946737922077	0.487517471623161	-0.746453862680616	-0.969802893068006	-0.297048970947859	0.0987678451682295
-0.165821281349356	-0.924586582108623	1.11422397619779	0.209570890228659	-0.397756250790759	-0.935471226267924	0.626550723213131	0.303821201647512
0.836208199368924	-0.715091518285317	0.231114625871298	-0.564448085193737	-0.583695055584598	1.0943220731592	1.09285540085651	0.378879189095635
0.235577193157602	0.405438819229037	-0.0356765828430263	-0.264564761198529	0.853354618048374	-0.466581590031385	1.78424646434248	1.02250413679292
-1.29165068846179	-0.472082660655275	0.19526105997264	-0.456650657882083	-0.425005491200503	0.312905789229322	-1.58120740741774	-0.425956321339775
-0.150157587609995	0.313600022122051	0.114482838849525	0.865575978142674	-0.000831801911259866	0.37526938339423	0.395397531743148	0.378146760643533
0.863133848424137	0.428970812190496	-0.444760615471348	-1.84643371212145	-1.92766901710302	-0.945251197646065	-0.589756253893466	-1.04314558551523
-1.1573412650514	0.787478030552716	-0.835444235945846	-0.599112635120615	-0.72251999675168	0.638707861563591	-0.541216824993661	-0.202818818707868
-1.33127733493357	-0.0525712026336071	1.13641850054586	-0.0515172791772604	-0.609653683981061	0.870759777714681	1.85792532255718	0.701383937982558
-2.08744369802097	0.0577482419371113	-1.12289170808202	-0.989822653449886	-2.58962984084034	-0.191847280005124	-0.225749650133038	-1.7661974527087
-0.883985967990239	0.260074261210494	-0.245163882071781	-0.761520730902934	0.25387988622828	-0.073207863754276	-1.20950737217271	0.659242085108376
1.13019149731887	0.0797221605029897	-0.931450989091418	0.326233163801905	0.294743495287494	1.3824967579107	0.746304883263885	1.28966798802754
0.242887182237455	0.670751283512856	0.62496845179921	0.724381019421788	-0.502013168118647	0.451393786132181	-0.141859862222481	-0.765524651705584
-0.648703572003121	-1.04995652858002	-0.685652184088414	-0.592715906934052	-0.911116749400193	-0.0335432866731263	-1.18238956030687	-1.42381971217531
-0.0472240808305098	-1.0401454849514	-0.152978448647728	0.335715160083103	-0.919409235003671	-1.52778527280421	-0.112819110935561	-2.20109500705779
0.139405618345448	-0.42596461550987	1.8201619980391	0.00501975286814088	0.686278067821885	1.19294553226517	1.75010221341969	-1.16849334103263
-0.598096645481242	-0.730618139177353	-0.473092796764356	-0.804347586451935	-1.62406757122408	1.19575456884213	-0.184657217921788	1.15040639510004
0.964884944832692	0.359908793543921	0.627544056061472	-1.48695567901499	0.214218764085541	-0.395279738458653	0.584983948022591	0.448941986771516
1.14120312688106	-0.509615858248622	0.135980086628025	1.00320168448651	-0.160030642326225	1.75775122386787	0.995031153212195	0.604199003608306
-0.0039888375775019	-1.43766285406326	-1.1654912296607	-0.36398277806272	1.87618208446114	-0.250934050047869	0.825525791140014	0.77183867211075
-0.739736235146578	-1.61396973450308	-1.33843540590764	0.0323621527177568	1.12673510487477	-0.215647384674541	-0.682362468925715	0.547784401847236
-0.0736778558634674	0.285728749613074	-0.144040536410706	-0.681295826661439	0.407457684925464	-1.15342200436652	-0.150602506599474	-0.226351134091465
-0.611522732373178	-0.706500127502218	-1.42744184003731	-0.589699717613959	-1.13824619425003	-0.114658444476282	1.08300659988025	1.31619958855163
1.26667229868136	0.20647042812165	1.20011877649053	1.48068885962898	0.227836038971715	-0.28037685681194	0.273101980638156	0.8966755644713
0.779050482827401	1.15601727761989	0.0444096003388005	0.502282869359822	-0.77910519295425	0.257316544923175	-0.936213607409243	-0.38666927545221
0.264153149255198	1.00511743133047	-2.52662824314928	-1.36954742539017	-1.17437382402752	-0.355703144728353	0.403545927762142	0.445746238334609
-0.119069391894168	1.07983743338618	-1.80272308596124	-0.603847604238754	-0.0313733902394202	-0.665042421663101	0.775198020322047	-0.918725607174462
1.47383376619065	1.0020658666697	-1.0004374723972	-0.683173970590708	0.27143190870619	0.929333034537393	1.87875389346304	0.704317139943803
1.36761371488567	2.18761476516992	-1.83327745173671	-1.50886675372021	-0.428309303188462	0.127761416030779	0.485966405719894	0.689518210605677
0.941978156044712	0.452172177732247	-0.0723614187137166	-0.438075802069627	-1.04312227372341	1.75767524645057	-1.12315656671146	1.49844174440958
0.0100733055983226	2.20527533281971	1.87199199658471	0.455484260053367	0.750344635917129	1.44305168910782	0.912115434925205	-0.293818438082418
0.36389195968085	-0.0286322508020858	1.28657810645089	-0.450633428315439	0.0613284432868882	-0.926725993031094	-0.0512377410143815	1.74795567041434
-1.57039600449481	0.593058991844885	0.507217724215786	-0.530943240902495	-0.247745128642567	0.205797695659489	0.0213025698908101	-0.766090132198004
0.0260109472012071	-0.858945489767986	-0.436311560119554	-0.356627898265986	0.717372016656827	1.73510571559436	2.18575381255905	1.49048042254474
0.642947374271749	0.402990824279896	-0.152558470048897	0.819196405188095	1.23955041230937	-1.21290463178598	0.285863889338491	1.61030272249744
-0.350679760257908	0.247620203384317	-0.631194729953966	0.281039613807074	0.533915471033305	-0.593022965377056	-0.461297488902383	0.126644414373405
-0.608138935591374	-0.788534351589724	0.0391855969930084	0.600047339470201	-1.47859506869995	-0.708581837131112	-0.142719080921109	-0.12695410038263
-0.313516699119018	-1.09015303187764	-0.727198898711675	-0.111118922604145	-0.784929106398116	-0.543130824315159	0.65993236508318	1.31608715716098
0.485251221507129	1.06169453222691	0.993638100114528	-0.119950908219485	-1.6072847886826	1.77864643971844	0.257298554618749	-1.10406665740776
-0.161900403715224	0.236661528416894	-1.12979167993078	-0.0333171745693763	-1.13733947870477	-0.619148355195875	-1.9728980505649	0.126880151738566
0.585485552645915	0.181992824623738	0.159493866900516	0.711293660445173	1.59588682485799	-0.919148103646581	0.726598616568022	1.51727071635289
0.855487339845645	0.753538932818661	0.531148533482655	1.49732077460448	1.29001023415034	0.540460132367257	0.593799058565968	-2.12085252870998
1.59574049095653	-0.840713352412988	1.18259363769234	-0.0405441828380803	0.135402428818004	0.449370874645115	1.01910605925019	-0.315044335347637
-0.160911213693814	0.339178681100487	1.06799067799853	-0.794388394621057	-0.331110496402902	-0.00621259091279541	0.473473167276616	-1.47492171013024
0.253126160410642	2.13771035937438	0.181598740757745	2.22235081647807	0.392319812820991	2.03222065481748	1.69908608834155	0.959202607011143
1.02281823720606	0.152914815766355	-1.32491201423539	-0.277094007774722	-0.978317023195379	0.954294111646279	0.582377474518545	0.315297800335975
-0.632102062768139	-0.0758787601490665	-0.0091486488476567	-0.297678732623674	-0.72355560586376	0.684715743623854	-1.72484425465926	-0.530340964053293
0.0236088684000141	-1.5436495720181	-0.534781582390063	0.276340061764092	1.23779804719422	-0.896315006974026	-1.26639960537321	-0.795798493630434
0.688684604463078	-0.384804376293718	0.626504293272552	0.595010940684379	1.4519399309646	1.68813011653618	1.14301818842437	1.60546986719342
-0.0494886467642264	0.338009310283407	0.546576987452433	0.939324993496364	0.09041245922242	1.44459147508025	-0.0546650062463881	1.9442565567999
0.278426083771639	-1.17898707974647	0.580337428419333	-0.133426221905867	0.187268840902495	0.92882772797218	0.532794191353332	0.264668888224327
-0.398460359313758	1.12812377068223	1.21136287818423	0.00158634243301536	0.380639887284324	1.49685682747894	1.01646616214445	-1.30476600675537
-1.60889159978156	1.25061136016539	-1.66220069662465	-0.223638940857974	-0.619214623612864	0.572273517765995	0.0376145300605224	-0.0374050507287995
-0.629683735518012	-0.256484254695646	-0.0606025374348151	-0.852460495895554	0.559497572143877	-0.396562302470506	0.0633474258009042	-0.297682429248408
1.80495543508056	0.0999955847182836	0.921945369973651	2.16298648197333	-0.896883118375485	1.25492655302956	0.350244397925322	0.828891008477384
-0.0298955931597346	-0.536609126801872	0.730786445026182	0.713867315528533	-0.38474701641013	-0.0934651001934391	0.188433763612666	1.21762686254467
0.220151082503039	-0.916237561332789	0.830357193536188	1.01029939332156	-0.46522749022637	-1.105208058714	-0.154703971145053	1.22487020808604
0.783791528934844	-1.64443886987794	0.138200874203099	1.66385010253738	0.419160190013346	0.987575115039913	-0.401113561710224	1.44013239301619
-0.702194689302914	0.625496334595779	-2.22448331093437	-1.10844747243409	-2.03357629171239	-0.201787596025556	0.484959355549414	0.123972651889974
